    0.06299739
    0.09259154
    0.07069541
    0.08370649
    0.05889380
    0.19531640
   -0.43762505
   -0.46538829
   -0.46377215
   -0.45906943
   -0.32807503
    0.04559789
    0.06386170
    0.03985828
    0.06572289
   -0.45762479
    0.12769280
    0.04145917
    0.30309612
    0.32121516
    0.32909839
    0.32111414
    0.07528663
    0.31540136
   -0.61933052
    0.28577495
    0.33537104
   -0.63435379
    0.30103085
    0.31118161
   -0.63038945
    0.33705960
    0.28253533
   -0.60536161
    0.30930021
    0.32722735
   -0.61897723
    0.30936903
    0.30991996
   -0.63088536
    0.33849261
    0.28508574
   -0.62687406
    0.31897295
    0.31279997
