           1           2  0.981431041608861     
           2           3  0.959192053194169     
           3           4  0.955723068258546     
           4           5  0.945844713491724     
           5           6   1.00813361939730     
           1           7   1.01023342894639     
           2           8  0.981162760622370     
           3           9  0.998172050094123     
           5          10  0.992367003679262     
           6          11   1.89383344522852     
           1          12  0.961387923394547     
           1          13  0.969297577993996     
           2          14  0.960728718613695     
           3          15  0.953541042661734     
           4          16  0.999425916870896     
           5          17  0.872667833348232     
           6          18  0.933656888800686     
           7          19  0.891192372283912     
           8          20  0.868942995930774     
           9          21  0.856661649737490     
          10          22  0.858076413206234     
           4          23  0.952349478689680     
          16          24  0.870687466626493     
          25          26  0.911521814437435     
          25          27  0.812299968570018     
          28          29  0.870860294442995     
          28          30  0.860260762497962     
          31          32  0.791784600036730     
          31          33  0.915582766269520     
          34          35  0.897619629672361     
          34          36  0.849237861007857     
          37          38  0.871821333608816     
          37          39  0.881402636852800     
          40          41  0.796590754856360     
          40          42  0.914201797863208     
          43          44  0.846207009388980     
          43          45  0.861448452229700     
